15 扇区
0区块:1E E7 C1 26 00 18 00 27 00 E4 03 02 40 F0 74 65 E7 
1区块:E4 01 AF 02 FF BB 93 00 34 99 32 00 00 00 00 01
2区块:1E E7 C1 26 00 18 00 27 00 E4 03 02 40 F0 74 65 E7 
3区块:44 41 33 37 56 33 FF 07 80 69 00 00 00 00 00 00




dante:
0 扇区
0区块:4E F8 7A 6D A1 08 04 00 01 81 63 53 75 7A 36 1D		 
1区块:00 00 00 00 00 00 00 00 00 00 00 00 00 00 00 00
2区块:00 00 00 00 00 00 00 00 00 00 00 00 00 00 00 00
3区块:FF FF FF FF FF FF FF 07 80 69 FF FF FF FF FF FF

8 扇区
0区块:00 00 00 00 00 00 00 00 00 00 00 00 00 00 00 00
1区块:5A 00 A5 FF 04 00 77 12 01 00 00 00 01 01 00 C5
2区块:0D 2C 80 00 00 00 00 00 B6 CE CB C9 D4 AA 20 20
3区块:88 88 88 88 88 88 FF 07 80 69 FF FF FF FF FF FF



xing:
0 扇区
0区块:5E 67 33 4F 45 08 04 00 01 39 5E 3C 6D 9B 17 1D		 
1区块:00 00 00 00 00 00 00 00 00 00 00 00 00 00 00 00
2区块:00 00 00 00 00 00 00 00 00 00 00 00 00 00 00 00
3区块:00 00 00 00 00 00 FF 07 80 69 00 00 00 00 00 00 

8 扇区
0区块:00 00 00 00 00 00 00 00 00 00 00 00 00 00 00 00
1区块:82 00 7D FF 07 00 93 82 00 00 00 00 01 01 00 B9
2区块:65 20 80 00 00 00 00 00 BB C6 D0 C7 20 20 20 20
3区块:00 00 00 00 00 00 FF 07 80 69 00 00 00 00 00 00